1 -0.050781 -0.049451 0.048164 -0.034961 0.022041 -0.048869 -0.008594 0.035598 0.040172 0.002500
33 -0.002553 -0.029021 0.009815 0.043882 0.039057 -0.043064 -0.011962 0.047170 0.026557 -0.004224
3 -0.044776 0.009733 0.045828 0.007943 0.014176 -0.003432 0.027242 -0.001218 -0.047655 -0.018113
2 0.039362 -0.006658 -0.009615 -0.013653 -0.013771 0.003294 0.020362 0.029591 -0.045447 -0.006269
4 -0.001554 0.047865 0.001037 0.020793 0.030645 -0.033120 -0.044285 0.050020 0.007137 -0.028487
32 -0.023300 -0.035906 -0.048197 0.002970 0.004646 0.005578 0.030451 -0.010153 -0.023991 0.009956
24 0.029395 0.020577 0.037146 0.046637 0.013652 -0.009421 -0.004344 0.009833 0.015127 0.019056
9 -0.015238 0.007170 -0.041953 -0.011890 0.001309 0.000213 -0.006817 0.024473 0.047669 -0.007640
14 -0.021216 -0.029285 0.048127 -0.039585 0.025999 0.017208 -0.028146 -0.016946 -0.026953 0.025973
28 -0.040975 -0.033779 0.049916 0.003548 -0.000856 0.039906 0.005913 -0.013371 -0.035057 -0.003692
7 0.046256 0.004425 -0.044353 -0.011600 -0.039569 0.033271 0.010187 0.012425 0.045937 -0.010328
6 0.013492 -0.012726 0.011283 0.045974 0.005311 0.016171 0.024590 0.031098 -0.006184 0.005330
8 0.007122 -0.044772 0.026468 0.010937 -0.032824 0.017681 0.025246 0.009564 -0.003154 0.037133
31 0.021815 0.013915 0.038564 0.032017 -0.010912 -0.042377 -0.009188 -0.045756 -0.044351 0.011911
30 0.041351 -0.041540 -0.041492 0.048252 -0.047472 0.017451 0.035667 -0.022971 -0.006036 0.023065
25 -0.034927 -0.017596 -0.029751 -0.017167 -0.044868 -0.012109 -0.026076 -0.036741 0.045355 -0.006565
26 0.040142 0.028316 0.010430 -0.016688 0.021265 -0.027488 0.023667 -0.020670 -0.049399 -0.021305
20 -0.006643 -0.018682 0.000000 0.010809 -0.036239 -0.045727 0.044071 0.023025 -0.036559 -0.019746
29 -0.012113 -0.001163 -0.028175 -0.019747 0.022227 -0.027929 -0.002091 -0.040805 -0.000713 0.016724
5 0.007536 -0.043439 -0.049962 -0.001189 0.037273 -0.015351 0.043854 -0.042957 0.046504 -0.034005
11 -0.040758 -0.032421 0.018633 0.016081 0.025775 -0.019683 -0.035983 0.042092 0.033606 -0.040465
27 0.027284 -0.048410 -0.033191 -0.040619 0.007895 0.019375 0.021406 0.042735 -0.035371 0.011118
21 -0.039668 0.046766 0.003447 -0.046258 -0.045488 -0.008917 -0.013237 -0.034534 0.006246 0.048029
22 0.031982 -0.023779 -0.010309 0.001178 -0.007154 -0.033622 -0.013726 -0.014542 -0.031065 -0.014655
23 0.009702 0.037182 -0.047486 0.016085 -0.008297 0.035725 -0.011555 0.039476 0.021594 -0.019896
10 0.010547 -0.005084 -0.025564 0.011238 0.021379 0.048052 0.028914 -0.002833 0.041497 -0.035327
13 0.034562 0.004879 0.017170 -0.034878 -0.014903 -0.008585 0.014731 -0.032819 0.011911 0.034646
15 -0.045137 -0.029335 0.034592 -0.039009 0.011697 0.048511 0.025243 -0.046567 0.000765 -0.017634
17 -0.005394 -0.011669 0.010028 0.032239 -0.048348 -0.033543 0.028307 0.025468 0.047023 0.041012
16 -0.005676 0.018060 0.010912 0.001331 -0.013411 -0.003050 0.031278 -0.012682 0.001463 0.009005
18 0.017564 0.004208 -0.042027 -0.014090 0.021854 -0.012764 -0.044437 0.024113 0.033151 0.049810
19 0.043859 -0.024829 0.043585 -0.024969 -0.012988 0.013838 -0.011888 -0.031297 0.025440 0.004687
12 -0.047720 -0.040303 0.004735 -0.034712 -0.026291 -0.018135 -0.032370 -0.046472 -0.030802 0.033200